10001000000000010000000011111111
10001000000001110000000000001010
10001000000001100000000111100000
10001000000000100000000000001011
10001000000000110000000001011001
10010000010000110000000000011010
10000000010001000000000000000000
10010000100000000000000000011000
10001100010001010000000000001010
10000000101001000000000000000000
10010000100000000000000000011000
10001000010001010000000000001010
10000000101001000000000000000000
10010000100000000000000000011000
10001100010001010000000000000001
10000000101001000000000000000000
10010000100000000000000000011000
10001000010001010000000000000001
10000000101001000000000000000000
10010000100000000000000000011000
10001000010000100000000110010000
10000100010000010000000000000000
10001100010000100000000110001111
11000000000000000000000000000101
10001000010000100000000000000001
11000000000000000000000000000101
10001000000000100000000110010000
10001000010000100000000000001001
10000100010000000000000000000000
10001000010000100000000000000001
10000100010000000000000000000000
10010100110000100000000000011011
00000000000000000000000000000000
