10001000000000010000000000000000
11000000000000000000000000000111
01000000110000010000000000000000
10001000110001100000000110010000
10000100110000000000000000000000
10001000001000010000000000000001
10001000000001100000000110001111
10010000001001100000000000101001
10000000001000100000000000000000
10010000010000000000000000000011
10001000000001100000000000010011
10010100110000110000000000000011
10001000000000110000000101111011
10010100011001100000000000000011
01000000100000010000000000000000
10001100100001000000000000010100
10010100100000000000000000010000
10001000100001000000000000010100
10010000100000000000000000000011
10001000000000110000000000010011
10010000100000110000000000000011
01000000101000010000000000000000
10001100101001010000000000000001
10000000101000100000000000000000
10010000010000000000000000000011
10001000101001010000000000000010
10000000101000100000000000000000
10010000010000000000000000000011
10001100101001010000000000000001
10001100101001010000000000010100
10000000101000100000000000000000
10010000010000000000000000000011
10001000101001010000000000101000
10000000101000100000000000000000
10010000010000000000000000000011
01000000110000010000000000000000
10001000110001100000000110010000
10001000000001110000000000000001
10000100110001110000000000000000
11000000000000000000000000000110
00000000000000000000000000000000
